Η

1116161 origenis 111 86. Scripturas &amaria in 166616
1611111 1161661666. 1668. 11.1., 66666, Parin. 1679, 061611.
(16611666616611) 1681. ll. 1. 1166161666 6661 11116616·
6166166116 61666661 1166111 0111661666, 6666 61666161, 1. 6.
6666 16116666116616 166166 elucubratum, in 6616611616 611166
66 6116 06166616, 16 6666666 66 6166 eruditione 66 dog·
16661166 6161661161, 16 16166 6611116 66 66116111 origeni·
661116 666666116166. Utinam 611616 661616 01166616 66616
61166661611666 6616166611 Sed 666616 qua 16 6616166161
616616166661161616661666161166661 ab incepto 66616 66-
161611. Tandem 061. de 16 Rue (1166661) 0. S. 11. mo·
6661166 6 congregatione Μ666166 origem 66616 661616,
6666166666 161 161166 1661616 6161661, 61 6611 6166 66·
mino circumferuntur, 6161116166 editionibus 1616 66616·
1166 16666 6161666 Gallicanis, 11611616, 0666661611,1161·
11616 66116616, 166661116, 161166 66166 61 66661666611166
1116611616 661611 161161161713-1719. Ν. 1. 1661161666
666 6661166 161666 (cum 0666166 1166661 661739 61616
6661616616 66116661) ab 61666661 1661116 filio 7116666116 66
16 Rue 666166166 661 Parin. 1759. 116166 16611 6616
61161 66611661 Commentario· origeni· 6 661166 6666616
661166, 666166166661616 16116 6611616, 6666 66 origenis
111661, 161 gum 61 66616616 16661661, 6666161661 1116·
6111116616ρω 666 0116666 1616166616 1161166, Gregorii
ssavi-atum· 0166666111 panegyricum 16 origem, Hu-
111 0111661666, 6116. Aa 11666 6616611616 166666 un

Γ 06116 origeni· 6666616 ir. 0661116116, 11166ύ66ῤ
1766-1796. 1111, 61 66666 666666116 61 66661616 6
GH· u. Lonuamlio, 116661161 1831666. 61166
14111116.

 

